
float wfc1[125]={ -2.606968,  1.657007,  0.991066,  1.398279,  -0.034653,  3.589277,  -1.997432,  -1.096683,  -2.470872,  0.276430,  -2.761239,  -1.211135,  0.536765,  -1.380717,  1.126844,  0.615958,  -1.603757,  -1.054311,  -0.791439,  -4.123003,  -1.405203,  2.578211,  1.343292,  -0.333404,  -0.255649,  
3.589277,  -1.997432,  -1.096683,  -2.470872,  0.276430,  -2.761239,  -1.211135,  0.536765,  -1.380717,  1.126844,  0.615958,  -1.603757,  -1.054311,  -0.791439,  -4.123003,  -1.405203,  2.578211,  1.343292,  -0.333404,  -0.255649,  -3.719793,  1.158270,  4.306834,  2.870045,  -0.383164,  
-2.761239,  -1.211135,  0.536765,  -1.380717,  1.126844,  0.615958,  -1.603757,  -1.054311,  -0.791439,  -4.123003,  -1.405203,  2.578211,  1.343292,  -0.333404,  -0.255649,  -3.719793,  1.158270,  4.306834,  2.870045,  -0.383164,  1.702505,  0.202512,  2.779921,  2.222187,  -2.072829,  
0.615958,  -1.603757,  -1.054311,  -0.791439,  -4.123003,  -1.405203,  2.578211,  1.343292,  -0.333404,  -0.255649,  -3.719793,  1.158270,  4.306834,  2.870045,  -0.383164,  1.702505,  0.202512,  2.779921,  2.222187,  -2.072829,  -0.718348,  0.041422,  -0.265746,  -0.525705,  0.895152,  
-1.405203,  2.578211,  1.343292,  -0.333404,  -0.255649,  -3.719793,  1.158270,  4.306834,  2.870045,  -0.383164,  1.702505,  0.202512,  2.779921,  2.222187,  -2.072829,  -0.718348,  0.041422,  -0.265746,  -0.525705,  0.895152,  2.878573,  -1.101742,  -1.265869,  -1.248688,  0.021060 }; 

float bfc1[5]={ -3.719793, 1.702505, -0.718348, 2.878573, -0.236076}; 
float wfc2[20]={ -5.817917,  5.497791,  1.093429,  2.411439,  -2.702901,  
-18.487016,  0.699870,  -1.616256,  -1.284464,  4.039593,  
22.528144,  -4.296201,  1.562854,  3.054579,  4.615045,  
-35.179998,  3.816787,  -1.850172,  -2.071624,  2.843080}; 

float bfc2[4]={ -18.487016, 22.528144, -35.179998, 12.402638}; 
float wfc3[20]={ -5.757915,  4.998987,  3.519658,  8.300773,  
-9.979669,  -6.982344,  -5.222106,  -4.981758,  
7.590894,  -6.692951,  -5.378544,  -7.851800,  
-0.166029,  1.632930,  -4.153036,  -5.229973,  
3.357674,  3.010667,  -10.209311,  3.998873}; 

float bfc3[5]={ -3.096010, -9.220071, -11.550760, 2.239019, 8.150996}; 
