
  0.000000  0.133333
  0.033333  0.166667
  0.066667  0.200000
  0.100000  0.233333
  0.133333  0.266667
  0.166667  0.300000
  0.200000  0.333333
  0.233333  0.366667
  0.266667  0.400000
  0.300000  0.433333
  0.333333  0.466667
  0.366667  0.500000
  0.400000  0.533333
  0.433333  0.566667
  0.466667  0.600000
  0.500000  0.633333
  0.533333  0.666667
  0.566667  0.700000
  0.600000  0.733333
  0.633333  0.766667
  0.666667  0.800000
  0.700000  0.833333
  0.733333  0.866667
  0.766667  0.900000
  0.800000  0.933333
  0.833333  0.966667
  0.866667  1.000000
  0.900000  1.033333
  0.933333  1.066667
  0.966667  1.100000
  0.100000  0.233333
  0.133333  0.266667
  0.166667  0.300000
  0.200000  0.333333
  0.233333  0.366667
  0.266667  0.400000
  0.300000  0.433333
  0.333333  0.466667
  0.366667  0.500000
  0.400000  0.533333
  0.433333  0.566667
  0.466667  0.600000
  0.500000  0.633333
  0.533333  0.666667
  0.566667  0.700000
  0.600000  0.733333
  0.633333  0.766667
  0.666667  0.800000
  0.700000  0.833333
  0.733333  0.866667
  0.766667  0.900000
  0.800000  0.933333
  0.833333  0.966667
  0.866667  1.000000
  0.900000  1.033333
  0.933333  1.066667
  0.966667  1.100000
  1.000000  1.133333
  1.033333  1.166667
  1.066667  1.200000
  0.200000  0.333333
  0.233333  0.366667
  0.266667  0.400000
  0.300000  0.433333
  0.333333  0.466667
  0.366667  0.500000
  0.400000  0.533333
  0.433333  0.566667
  0.466667  0.600000
  0.500000  0.633333
  0.533333  0.666667
  0.566667  0.700000
  0.600000  0.733333
  0.633333  0.766667
  0.666667  0.800000
  0.700000  0.833333
  0.733333  0.866667
  0.766667  0.900000
  0.800000  0.933333
  0.833333  0.966667
  0.866667  1.000000
  0.900000  1.033333
  0.933333  1.066667
  0.966667  1.100000
  1.000000  1.133333
  1.033333  1.166667
  1.066667  1.200000
  1.100000  1.233333
  1.133333  1.266667
  1.166667  1.300000
  0.300000  0.433333
  0.333333  0.466667
  0.366667  0.500000
  0.400000  0.533333
  0.433333  0.566667
  0.466667  0.600000
  0.500000  0.633333
  0.533333  0.666667
  0.566667  0.700000
  0.600000  0.733333
  0.633333  0.766667
  0.666667  0.800000
  0.700000  0.833333
  0.733333  0.866667
  0.766667  0.900000
  0.800000  0.933333
  0.833333  0.966667
  0.866667  1.000000
  0.900000  1.033333
  0.933333  1.066667
  0.966667  1.100000
  1.000000  1.133333
  1.033333  1.166667
  1.066667  1.200000
  1.100000  1.233333
  1.133333  1.266667
  1.166667  1.300000
  1.200000  1.333333
  1.233333  1.366667
  1.266667  1.400000
  0.400000  0.533333
  0.433333  0.566667
  0.466667  0.600000
  0.500000  0.633333
  0.533333  0.666667
  0.566667  0.700000
  0.600000  0.733333
  0.633333  0.766667
  0.666667  0.800000
  0.700000  0.833333
  0.733333  0.866667
  0.766667  0.900000
  0.800000  0.933333
  0.833333  0.966667
  0.866667  1.000000
  0.900000  1.033333
  0.933333  1.066667
  0.966667  1.100000
  1.000000  1.133333
  1.033333  1.166667
  1.066667  1.200000
  1.100000  1.233333
  1.133333  1.266667
  1.166667  1.300000
  1.200000  1.333333
  1.233333  1.366667
  1.266667  1.400000
  1.300000  1.433333
  1.333333  1.466667
  1.366667  1.500000
  0.500000  0.633333
  0.533333  0.666667
  0.566667  0.700000
  0.600000  0.733333
  0.633333  0.766667
  0.666667  0.800000
  0.700000  0.833333
  0.733333  0.866667
  0.766667  0.900000
  0.800000  0.933333
  0.833333  0.966667
  0.866667  1.000000
  0.900000  1.033333
  0.933333  1.066667
  0.966667  1.100000
  1.000000  1.133333
  1.033333  1.166667
  1.066667  1.200000
  1.100000  1.233333
  1.133333  1.266667
  1.166667  1.300000
  1.200000  1.333333
  1.233333  1.366667
  1.266667  1.400000
  1.300000  1.433333
  1.333333  1.466667
  1.366667  1.500000
  1.400000  1.533333
  1.433333  1.566667
  1.466667  1.600000
  0.600000  0.733333
  0.633333  0.766667
  0.666667  0.800000
  0.700000  0.833333
  0.733333  0.866667
  0.766667  0.900000
  0.800000  0.933333
  0.833333  0.966667
  0.866667  1.000000
  0.900000  1.033333
  0.933333  1.066667
  0.966667  1.100000
  1.000000  1.133333
  1.033333  1.166667
  1.066667  1.200000
  1.100000  1.233333
  1.133333  1.266667
  1.166667  1.300000
  1.200000  1.333333
  1.233333  1.366667
  1.266667  1.400000
  1.300000  1.433333
  1.333333  1.466667
  1.366667  1.500000
  1.400000  1.533333
  1.433333  1.566667
  1.466667  1.600000
  1.500000  1.633333
  1.533333  1.666667
  1.566667  1.700000
  0.700000  0.833333
  0.733333  0.866667
  0.766667  0.900000
  0.800000  0.933333
  0.833333  0.966667
  0.866667  1.000000
  0.900000  1.033333
  0.933333  1.066667
  0.966667  1.100000
  1.000000  1.133333
  1.033333  1.166667
  1.066667  1.200000
  1.100000  1.233333
  1.133333  1.266667
  1.166667  1.300000
  1.200000  1.333333
  1.233333  1.366667
  1.266667  1.400000
  1.300000  1.433333
  1.333333  1.466667
  1.366667  1.500000
  1.400000  1.533333
  1.433333  1.566667
  1.466667  1.600000
  1.500000  1.633333
  1.533333  1.666667
  1.566667  1.700000
  1.600000  1.733333
  1.633333  1.766667
  1.666667  1.800000
  0.800000  0.933333
  0.833333  0.966667
  0.866667  1.000000
  0.900000  1.033333
  0.933333  1.066667
  0.966667  1.100000
  1.000000  1.133333
  1.033333  1.166667
  1.066667  1.200000
  1.100000  1.233333
  1.133333  1.266667
  1.166667  1.300000
  1.200000  1.333333
  1.233333  1.366667
  1.266667  1.400000
  1.300000  1.433333
  1.333333  1.466667
  1.366667  1.500000
  1.400000  1.533333
  1.433333  1.566667
  1.466667  1.600000
  1.500000  1.633333
  1.533333  1.666667
  1.566667  1.700000
  1.600000  1.733333
  1.633333  1.766667
  1.666667  1.800000
  1.700000  1.833333
  1.733333  1.866667
  1.766667  1.900000
  0.900000  1.033333
  0.933333  1.066667
  0.966667  1.100000
  1.000000  1.133333
  1.033333  1.166667
  1.066667  1.200000
  1.100000  1.233333
  1.133333  1.266667
  1.166667  1.300000
  1.200000  1.333333
  1.233333  1.366667
  1.266667  1.400000
  1.300000  1.433333
  1.333333  1.466667
  1.366667  1.500000
  1.400000  1.533333
  1.433333  1.566667
  1.466667  1.600000
  1.500000  1.633333
  1.533333  1.666667
  1.566667  1.700000
  1.600000  1.733333
  1.633333  1.766667
  1.666667  1.800000
  1.700000  1.833333
  1.733333  1.866667
  1.766667  1.900000
  1.800000  1.933333
  1.833333  1.966667
  1.866667  2.000000
  1.000000  1.133333
  1.033333  1.166667
  1.066667  1.200000
  1.100000  1.233333
  1.133333  1.266667
  1.166667  1.300000
  1.200000  1.333333
  1.233333  1.366667
  1.266667  1.400000
  1.300000  1.433333
  1.333333  1.466667
  1.366667  1.500000
  1.400000  1.533333
  1.433333  1.566667
  1.466667  1.600000
  1.500000  1.633333
  1.533333  1.666667
  1.566667  1.700000
  1.600000  1.733333
  1.633333  1.766667
  1.666667  1.800000
  1.700000  1.833333
  1.733333  1.866667
  1.766667  1.900000
  1.800000  1.933333
  1.833333  1.966667
  1.866667  2.000000
  1.900000  2.033333
  1.933333  2.066667
  1.966667  2.100000
  1.100000  1.233333
  1.133333  1.266667
  1.166667  1.300000
  1.200000  1.333333
  1.233333  1.366667
  1.266667  1.400000
  1.300000  1.433333
  1.333333  1.466667
  1.366667  1.500000
  1.400000  1.533333
  1.433333  1.566667
  1.466667  1.600000
  1.500000  1.633333
  1.533333  1.666667
  1.566667  1.700000
  1.600000  1.733333
  1.633333  1.766667
  1.666667  1.800000
  1.700000  1.833333
  1.733333  1.866667
  1.766667  1.900000
  1.800000  1.933333
  1.833333  1.966667
  1.866667  2.000000
  1.900000  2.033333
  1.933333  2.066667
  1.966667  2.100000
  2.000000  2.133333
  2.033333  2.166667
  2.066667  2.200000
  1.200000  1.333333
  1.233333  1.366667
  1.266667  1.400000
  1.300000  1.433333
  1.333333  1.466667
  1.366667  1.500000
  1.400000  1.533333
  1.433333  1.566667
  1.466667  1.600000
  1.500000  1.633333
  1.533333  1.666667
  1.566667  1.700000
  1.600000  1.733333
  1.633333  1.766667
  1.666667  1.800000
  1.700000  1.833333
  1.733333  1.866667
  1.766667  1.900000
  1.800000  1.933333
  1.833333  1.966667
  1.866667  2.000000
  1.900000  2.033333
  1.933333  2.066667
  1.966667  2.100000
  2.000000  2.133333
  2.033333  2.166667
  2.066667  2.200000
  2.100000  2.233334
  2.133333  2.266667
  2.166667  2.300000
  1.300000  1.433333
  1.333333  1.466667
  1.366667  1.500000
  1.400000  1.533333
  1.433333  1.566667
  1.466667  1.600000
  1.500000  1.633333
  1.533333  1.666667
  1.566667  1.700000
  1.600000  1.733333
  1.633333  1.766667
  1.666667  1.800000
  1.700000  1.833333
  1.733333  1.866667
  1.766667  1.900000
  1.800000  1.933333
  1.833333  1.966667
  1.866667  2.000000
  1.900000  2.033334
  1.933333  2.066667
  1.966667  2.100000
  2.000000  2.133333
  2.033333  2.166667
  2.066667  2.200000
  2.100000  2.233334
  2.133333  2.266667
  2.166667  2.300000
  2.200000  2.333333
  2.233334  2.366667
  2.266667  2.400000
  1.400000  1.533333
  1.433333  1.566667
  1.466667  1.600000
  1.500000  1.633333
  1.533333  1.666667
  1.566667  1.700000
  1.600000  1.733333
  1.633333  1.766667
  1.666667  1.800000
  1.700000  1.833333
  1.733333  1.866667
  1.766667  1.900000
  1.800000  1.933333
  1.833333  1.966667
  1.866667  2.000000
  1.900000  2.033333
  1.933333  2.066667
  1.966667  2.100000
  2.000000  2.133333
  2.033334  2.166667
  2.066667  2.200000
  2.100000  2.233333
  2.133333  2.266667
  2.166667  2.300000
  2.200000  2.333333
  2.233334  2.366667
  2.266667  2.400000
  2.300000  2.433333
  2.333333  2.466667
  2.366667  2.500000
  1.500000  1.633333
  1.533333  1.666667
  1.566667  1.700000
  1.600000  1.733333
  1.633333  1.766667
  1.666667  1.800000
  1.700000  1.833333
  1.733333  1.866667
  1.766667  1.900000
  1.800000  1.933334
  1.833333  1.966667
  1.866667  2.000000
  1.900000  2.033334
  1.933333  2.066667
  1.966667  2.100000
  2.000000  2.133333
  2.033333  2.166667
  2.066667  2.200000
  2.100000  2.233334
  2.133333  2.266667
  2.166667  2.300000
  2.200000  2.333333
  2.233333  2.366667
  2.266667  2.400000
  2.300000  2.433333
  2.333333  2.466667
  2.366667  2.500000
  2.400000  2.533334
  2.433333  2.566667
  2.466667  2.600000
  1.600000  1.733333
  1.633333  1.766667
  1.666667  1.800000
  1.700000  1.833333
  1.733333  1.866667
  1.766667  1.900000
  1.800000  1.933334
  1.833333  1.966667
  1.866667  2.000000
  1.900000  2.033334
  1.933334  2.066667
  1.966667  2.100000
  2.000000  2.133333
  2.033334  2.166667
  2.066667  2.200000
  2.100000  2.233334
  2.133333  2.266667
  2.166667  2.300000
  2.200000  2.333333
  2.233334  2.366667
  2.266667  2.400000
  2.300000  2.433333
  2.333333  2.466667
  2.366667  2.500000
  2.400000  2.533334
  2.433333  2.566667
  2.466667  2.600000
  2.500000  2.633334
  2.533334  2.666667
  2.566667  2.700000
  1.700000  1.833333
  1.733333  1.866667
  1.766667  1.900000
  1.800000  1.933333
  1.833333  1.966667
  1.866667  2.000000
  1.900000  2.033333
  1.933334  2.066667
  1.966667  2.100000
  2.000000  2.133333
  2.033334  2.166667
  2.066667  2.200000
  2.100000  2.233333
  2.133333  2.266667
  2.166667  2.300000
  2.200000  2.333333
  2.233334  2.366667
  2.266667  2.400000
  2.300000  2.433333
  2.333333  2.466667
  2.366667  2.500000
  2.400000  2.533333
  2.433333  2.566667
  2.466667  2.600000
  2.500000  2.633333
  2.533334  2.666667
  2.566667  2.700000
  2.600000  2.733334
  2.633334  2.766667
  2.666667  2.800000
  1.800000  1.933333
  1.833333  1.966667
  1.866667  2.000000
  1.900000  2.033334
  1.933333  2.066667
  1.966667  2.100000
  2.000000  2.133333
  2.033333  2.166667
  2.066667  2.200000
  2.100000  2.233333
  2.133333  2.266667
  2.166667  2.300000
  2.200000  2.333333
  2.233333  2.366667
  2.266667  2.400000
  2.300000  2.433333
  2.333333  2.466667
  2.366667  2.500000
  2.400000  2.533334
  2.433333  2.566667
  2.466667  2.600000
  2.500000  2.633333
  2.533333  2.666667
  2.566667  2.700000
  2.600000  2.733334
  2.633333  2.766667
  2.666667  2.800000
  2.700000  2.833333
  2.733334  2.866667
  2.766667  2.900000
  1.900000  2.033333
  1.933333  2.066667
  1.966667  2.100000
  2.000000  2.133333
  2.033334  2.166667
  2.066667  2.200000
  2.100000  2.233333
  2.133333  2.266667
  2.166667  2.300000
  2.200000  2.333333
  2.233333  2.366667
  2.266667  2.400000
  2.300000  2.433333
  2.333333  2.466667
  2.366667  2.500000
  2.400000  2.533333
  2.433333  2.566667
  2.466667  2.600000
  2.500000  2.633333
  2.533334  2.666667
  2.566667  2.700000
  2.600000  2.733333
  2.633333  2.766667
  2.666667  2.800000
  2.700000  2.833333
  2.733334  2.866667
  2.766667  2.900000
  2.800000  2.933333
  2.833333  2.966667
  2.866667  3.000000
  2.000000  2.133333
  2.033333  2.166667
  2.066667  2.200000
  2.100000  2.233334
  2.133333  2.266667
  2.166667  2.300000
  2.200000  2.333333
  2.233333  2.366667
  2.266667  2.400000
  2.300000  2.433333
  2.333333  2.466667
  2.366667  2.500000
  2.400000  2.533334
  2.433333  2.566667
  2.466667  2.600000
  2.500000  2.633333
  2.533333  2.666667
  2.566667  2.700000
  2.600000  2.733334
  2.633333  2.766667
  2.666667  2.800000
  2.700000  2.833333
  2.733333  2.866667
  2.766667  2.900000
  2.800000  2.933333
  2.833333  2.966667
  2.866667  3.000000
  2.900000  3.033334
  2.933333  3.066667
  2.966667  3.100000
  2.100000  2.233333
  2.133333  2.266667
  2.166667  2.300000
  2.200000  2.333333
  2.233334  2.366667
  2.266667  2.400000
  2.300000  2.433333
  2.333333  2.466667
  2.366667  2.500000
  2.400000  2.533333
  2.433333  2.566667
  2.466667  2.600000
  2.500000  2.633333
  2.533334  2.666667
  2.566667  2.700000
  2.600000  2.733333
  2.633333  2.766667
  2.666667  2.800000
  2.700000  2.833333
  2.733334  2.866667
  2.766667  2.900000
  2.800000  2.933333
  2.833333  2.966667
  2.866667  3.000000
  2.900000  3.033333
  2.933333  3.066667
  2.966667  3.100000
  3.000000  3.133333
  3.033334  3.166667
  3.066667  3.200000
  2.200000  2.333333
  2.233333  2.366667
  2.266667  2.400000
  2.300000  2.433334
  2.333333  2.466667
  2.366667  2.500000
  2.400000  2.533334
  2.433333  2.566667
  2.466667  2.600000
  2.500000  2.633333
  2.533333  2.666667
  2.566667  2.700000
  2.600000  2.733334
  2.633333  2.766667
  2.666667  2.800000
  2.700000  2.833333
  2.733333  2.866667
  2.766667  2.900000
  2.800000  2.933334
  2.833333  2.966667
  2.866667  3.000000
  2.900000  3.033334
  2.933333  3.066667
  2.966667  3.100000
  3.000000  3.133334
  3.033333  3.166667
  3.066667  3.200000
  3.100000  3.233334
  3.133333  3.266667
  3.166667  3.300000
  2.300000  2.433333
  2.333333  2.466667
  2.366667  2.500000
  2.400000  2.533334
  2.433334  2.566667
  2.466667  2.600000
  2.500000  2.633333
  2.533334  2.666667
  2.566667  2.700000
  2.600000  2.733333
  2.633333  2.766667
  2.666667  2.800000
  2.700000  2.833333
  2.733334  2.866667
  2.766667  2.900000
  2.800000  2.933333
  2.833333  2.966667
  2.866667  3.000000
  2.900000  3.033334
  2.933334  3.066667
  2.966667  3.100000
  3.000000  3.133333
  3.033334  3.166667
  3.066667  3.200000
  3.100000  3.233334
  3.133334  3.266667
  3.166667  3.300000
  3.200000  3.333333
  3.233334  3.366667
  3.266667  3.400000
  2.400000  2.533333
  2.433333  2.566667
  2.466667  2.600000
  2.500000  2.633333
  2.533334  2.666667
  2.566667  2.700000
  2.600000  2.733333
  2.633333  2.766667
  2.666667  2.800000
  2.700000  2.833333
  2.733333  2.866667
  2.766667  2.900000
  2.800000  2.933333
  2.833333  2.966667
  2.866667  3.000000
  2.900000  3.033333
  2.933333  3.066667
  2.966667  3.100000
  3.000000  3.133333
  3.033334  3.166667
  3.066667  3.200000
  3.100000  3.233333
  3.133333  3.266667
  3.166667  3.300000
  3.200000  3.333333
  3.233334  3.366667
  3.266667  3.400000
  3.300000  3.433333
  3.333333  3.466667
  3.366667  3.500000
  2.500000  2.633333
  2.533333  2.666667
  2.566667  2.700000
  2.600000  2.733334
  2.633333  2.766667
  2.666667  2.800000
  2.700000  2.833333
  2.733333  2.866667
  2.766667  2.900000
  2.800000  2.933333
  2.833333  2.966667
  2.866667  3.000000
  2.900000  3.033334
  2.933333  3.066667
  2.966667  3.100000
  3.000000  3.133333
  3.033333  3.166667
  3.066667  3.200000
  3.100000  3.233334
  3.133333  3.266667
  3.166667  3.300000
  3.200000  3.333333
  3.233333  3.366667
  3.266667  3.400000
  3.300000  3.433333
  3.333333  3.466667
  3.366667  3.500000
  3.400000  3.533334
  3.433333  3.566667
  3.466667  3.600000
  2.600000  2.733333
  2.633333  2.766667
  2.666667  2.800000
  2.700000  2.833333
  2.733334  2.866667
  2.766667  2.900000
  2.800000  2.933333
  2.833333  2.966667
  2.866667  3.000000
  2.900000  3.033333
  2.933333  3.066667
  2.966667  3.100000
  3.000000  3.133333
  3.033334  3.166667
  3.066667  3.200000
  3.100000  3.233333
  3.133333  3.266667
  3.166667  3.300000
  3.200000  3.333333
  3.233334  3.366667
  3.266667  3.400000
  3.300000  3.433333
  3.333333  3.466667
  3.366667  3.500000
  3.400000  3.533333
  3.433333  3.566667
  3.466667  3.600000
  3.500000  3.633333
  3.533334  3.666667
  3.566667  3.700000
  2.700000  2.833333
  2.733333  2.866667
  2.766667  2.900000
  2.800000  2.933334
  2.833333  2.966667
  2.866667  3.000000
  2.900000  3.033334
  2.933333  3.066667
  2.966667  3.100000
  3.000000  3.133333
  3.033333  3.166667
  3.066667  3.200000
  3.100000  3.233334
  3.133333  3.266667
  3.166667  3.300000
  3.200000  3.333333
  3.233333  3.366667
  3.266667  3.400000
  3.300000  3.433334
  3.333333  3.466667
  3.366667  3.500000
  3.400000  3.533334
  3.433333  3.566667
  3.466667  3.600000
  3.500000  3.633334
  3.533333  3.666667
  3.566667  3.700000
  3.600000  3.733334
  3.633333  3.766667
  3.666667  3.800000
  2.800000  2.933333
  2.833333  2.966667
  2.866667  3.000000
  2.900000  3.033334
  2.933334  3.066667
  2.966667  3.100000
  3.000000  3.133333
  3.033334  3.166667
  3.066667  3.200000
  3.100000  3.233333
  3.133333  3.266667
  3.166667  3.300000
  3.200000  3.333333
  3.233334  3.366667
  3.266667  3.400000
  3.300000  3.433333
  3.333333  3.466667
  3.366667  3.500000
  3.400000  3.533334
  3.433334  3.566667
  3.466667  3.600000
  3.500000  3.633333
  3.533334  3.666667
  3.566667  3.700000
  3.600000  3.733334
  3.633334  3.766667
  3.666667  3.800000
  3.700000  3.833333
  3.733334  3.866667
  3.766667  3.900000
  2.900000  3.033333
  2.933333  3.066667
  2.966667  3.100000
  3.000000  3.133333
  3.033334  3.166667
  3.066667  3.200000
  3.100000  3.233333
  3.133333  3.266667
  3.166667  3.300000
  3.200000  3.333333
  3.233333  3.366667
  3.266667  3.400000
  3.300000  3.433333
  3.333333  3.466667
  3.366667  3.500000
  3.400000  3.533333
  3.433333  3.566667
  3.466667  3.600000
  3.500000  3.633333
  3.533334  3.666667
  3.566667  3.700000
  3.600000  3.733333
  3.633333  3.766667
  3.666667  3.800000
  3.700000  3.833333
  3.733334  3.866667
  3.766667  3.900000
  3.800000  3.933333
